"C:\Program Files\Java\jdk-17\bin\java.exe" "-javaagent:C:\Program Files\JetBrains\IntelliJ IDEA Community Edition 2021.2.1\lib\idea_rt.jar=64377:C:\Program Files\JetBrains\IntelliJ IDEA Community Edition 2021.2.1\bin" -Dfile.encoding=UTF-8 -classpath C:\Users\pushk\IdeaProjects\TestForPayback\out\production\TestForPayback com.shelzi.pointeegame.CouponGame
Start board:
[1, 1, 1, 1, 1, 1, 1, 1, 1, 1, 1, 1, 1, 1, 1]
[1, 1, 1, 1, 1, 1, 1, 1, 1, 1, 1, 1, 1, 1, 1]
[1, 1, 1, 1, 1, 1, 1, 1, 1, 1, 1, 1, 1, 1, 1]
[1, 1, 1, 1, 1, 1, 1, 1, 1, 1, 1, 1, 1, 1, 1]
[1, 1, 1, 1, 1, 1, 1, 1, 1, 1, 1, 1, 1, 1, 1]
[1, 1, 1, 1, 1, 1, 1, 1, 1, 1, 1, 1, 1, 1, 1]
[1, 1, 1, 1, 1, 1, 1, 1, 1, 1, 1, 1, 1, 1, 1]
[1, 1, 1, 1, 1, 1, 1, 1, 1, 1, 1, 1, 1, 1, 1]
[1, 1, 1, 1, 1, 1, 1, 1, 1, 1, 1, 1, 1, 1, 1]
[1, 1, 1, 1, 1, 1, 1, 1, 1, 1, 1, 1, 1, 1, 1]
[1, 1, 1, 1, 1, 1, 1, 1, 1, 1, 1, 1, 1, 1, 1]
[1, 1, 1, 1, 1, 1, 1, 1, 1, 1, 1, 1, 1, 1, 1]
[1, 1, 1, 1, 1, 1, 1, 1, 1, 1, 1, 1, 1, 1, 1]
[1, 1, 1, 1, 1, 1, 1, 1, 1, 1, 1, 1, 1, 1, 1]
[1, 1, 1, 1, 1, 1, 1, 1, 1, 1, 1, 1, 1, 1, 1]
Final board after 25 attacks:
[1, 1, 1, 0, 0, 0, 1, 0, 1, 2, 4, 0, 0, 0, 0]
[0, 0, 2, 1, 0, 1, 5, 2, 0, 7, 1, 3, 0, 0, 0]
[0, 0, 0, 2, 1, 1, 3, 5, 1, 1, 4, 1, 0, 1, 1]
[0, 0, 0, 1, 0, 0, 1, 1, 1, 0, 0, 0, 2, 1, 2]
[0, 0, 1, 4, 1, 0, 0, 1, 2, 1, 0, 0, 0, 1, 1]
[1, 0, 3, 1, 2, 2, 3, 0, 1, 2, 0, 0, 2, 1, 0]
[0, 1, 0, 0, 0, 1, 2, 1, 0, 0, 0, 0, 7, 0, 0]
[0, 2, 0, 1, 2, 0, 0, 0, 0, 1, 0, 0, 0, 1, 2]
[1, 4, 4, 0, 1, 2, 0, 0, 1, 2, 0, 0, 0, 1, 0]
[0, 0, 1, 0, 1, 1, 0, 0, 0, 2, 0, 0, 0, 0, 0]
[5, 1, 0, 2, 1, 2, 5, 2, 1, 1, 1, 8, 2, 1, 0]
[2, 0, 1, 0, 2, 0, 2, 2, 1, 1, 0, 4, 2, 3, 0]
[1, 1, 2, 0, 1, 0, 4, 2, 0, 2, 0, 0, 1, 2, 0]
[1, 3, 3, 0, 0, 1, 1, 0, 0, 0, 0, 1, 1, 1, 2]
[0, 0, 0, 1, 1, 0, 0, 2, 1, 0, 0, 3, 0, 0, 0]
Max coupon score: 8.
Coupons:
[Coupon value: 8. Coupon coordinates: x = 12, y = 5]

Start board:
[1, 1, 1, 1, 1, 1, 1, 1, 1, 1, 1, 1, 1, 1, 1]
[1, 1, 1, 1, 1, 1, 1, 1, 1, 1, 1, 1, 1, 1, 1]
[1, 1, 1, 1, 1, 1, 1, 1, 1, 1, 1, 1, 1, 1, 1]
[1, 1, 1, 1, 1, 1, 1, 1, 1, 1, 1, 1, 1, 1, 1]
[1, 1, 1, 1, 1, 1, 1, 1, 1, 1, 1, 1, 1, 1, 1]
[1, 1, 1, 1, 1, 1, 1, 1, 1, 1, 1, 1, 1, 1, 1]
[1, 1, 1, 1, 1, 1, 1, 1, 1, 1, 1, 1, 1, 1, 1]
[1, 1, 1, 1, 1, 1, 1, 1, 1, 1, 1, 1, 1, 1, 1]
[1, 1, 1, 1, 1, 1, 1, 1, 1, 1, 1, 1, 1, 1, 1]
[1, 1, 1, 1, 1, 1, 1, 1, 1, 1, 1, 1, 1, 1, 1]
[1, 1, 1, 1, 1, 1, 1, 1, 1, 1, 1, 1, 1, 1, 1]
[1, 1, 1, 1, 1, 1, 1, 1, 1, 1, 1, 1, 1, 1, 1]
[1, 1, 1, 1, 1, 1, 1, 1, 1, 1, 1, 1, 1, 1, 1]
[1, 1, 1, 1, 1, 1, 1, 1, 1, 1, 1, 1, 1, 1, 1]
[1, 1, 1, 1, 1, 1, 1, 1, 1, 1, 1, 1, 1, 1, 1]
Final board after 50 attacks:
[0, 0, 0, 0, 0, 2, 0, 0, 0, 0, 0, 1, 1, 0, 0]
[1, 0, 0, 0, 0, 0, 0, 0, 1, 1, 0, 2, 2, 2, 0]
[0, 6, 4, 0, 2, 2, 1, 0, 1, 1, 1, 1, 1, 2, 1]
[0, 1, 0, 1, 0, 0, 4, 3, 1, 2, 4, 0, 0, 1, 0]
[0, 0, 0, 1, 1, 0, 1, 0, 3, 1, 2, 0, 1, 3, 0]
[2, 0, 0, 0, 2, 3, 0, 0, 1, 1, 0, 1, 1, 2, 0]
[1, 0, 0, 1, 0, 3, 1, 3, 0, 3, 0, 1, 1, 1, 1]
[5, 0, 0, 1, 1, 2, 2, 0, 0, 1, 1, 0, 4, 1, 1]
[4, 1, 0, 0, 1, 0, 1, 0, 1, 2, 5, 2, 0, 3, 1]
[0, 0, 0, 2, 4, 0, 0, 1, 2, 0, 0, 0, 6, 4, 0]
[0, 0, 0, 1, 0, 1, 2, 0, 0, 0, 0, 1, 2, 0, 1]
[2, 1, 3, 4, 0, 0, 2, 1, 0, 1, 2, 1, 0, 0, 1]
[3, 3, 2, 1, 0, 4, 1, 1, 3, 3, 0, 1, 0, 1, 0]
[1, 0, 6, 1, 1, 0, 1, 1, 2, 2, 0, 0, 0, 0, 0]
[1, 1, 0, 0, 0, 0, 1, 0, 0, 1, 1, 0, 1, 1, 0]
Max coupon score: 6.
Coupons:
[Coupon value: 6. Coupon coordinates: x = 2, y = 13, Coupon value: 6. Coupon coordinates: x = 3, y = 2, Coupon value: 6. Coupon coordinates: x = 13, y = 6]

Start board:
[1, 1, 1, 1, 1, 1, 1, 1, 1, 1, 1, 1, 1, 1, 1]
[1, 1, 1, 1, 1, 1, 1, 1, 1, 1, 1, 1, 1, 1, 1]
[1, 1, 1, 1, 1, 1, 1, 1, 1, 1, 1, 1, 1, 1, 1]
[1, 1, 1, 1, 1, 1, 1, 1, 1, 1, 1, 1, 1, 1, 1]
[1, 1, 1, 1, 1, 1, 1, 1, 1, 1, 1, 1, 1, 1, 1]
[1, 1, 1, 1, 1, 1, 1, 1, 1, 1, 1, 1, 1, 1, 1]
[1, 1, 1, 1, 1, 1, 1, 1, 1, 1, 1, 1, 1, 1, 1]
[1, 1, 1, 1, 1, 1, 1, 1, 1, 1, 1, 1, 1, 1, 1]
[1, 1, 1, 1, 1, 1, 1, 1, 1, 1, 1, 1, 1, 1, 1]
[1, 1, 1, 1, 1, 1, 1, 1, 1, 1, 1, 1, 1, 1, 1]
[1, 1, 1, 1, 1, 1, 1, 1, 1, 1, 1, 1, 1, 1, 1]
[1, 1, 1, 1, 1, 1, 1, 1, 1, 1, 1, 1, 1, 1, 1]
[1, 1, 1, 1, 1, 1, 1, 1, 1, 1, 1, 1, 1, 1, 1]
[1, 1, 1, 1, 1, 1, 1, 1, 1, 1, 1, 1, 1, 1, 1]
[1, 1, 1, 1, 1, 1, 1, 1, 1, 1, 1, 1, 1, 1, 1]
Final board after 100 attacks:
[0, 0, 0, 0, 0, 0, 0, 0, 0, 1, 1, 0, 1, 2, 0]
[1, 0, 1, 3, 0, 0, 1, 0, 0, 0, 1, 2, 5, 1, 0]
[1, 2, 2, 2, 8, 1, 0, 12, 1, 1, 0, 0, 3, 0, 0]
[2, 1, 4, 0, 2, 1, 0, 3, 0, 1, 0, 0, 0, 0, 0]
[1, 0, 0, 1, 2, 1, 0, 0, 0, 0, 1, 1, 0, 1, 2]
[1, 1, 0, 1, 0, 0, 1, 2, 0, 0, 0, 0, 0, 0, 1]
[3, 1, 0, 1, 1, 2, 2, 3, 3, 0, 0, 0, 0, 0, 0]
[1, 0, 0, 0, 1, 1, 0, 0, 1, 4, 0, 0, 2, 3, 0]
[0, 0, 0, 1, 1, 1, 0, 3, 1, 7, 4, 2, 2, 0, 1]
[0, 0, 0, 2, 3, 0, 0, 1, 2, 5, 1, 1, 0, 0, 0]
[1, 0, 2, 1, 2, 0, 0, 1, 0, 1, 0, 0, 0, 0, 0]
[1, 2, 6, 6, 1, 0, 0, 0, 1, 1, 0, 0, 1, 1, 0]
[0, 3, 0, 0, 0, 1, 0, 7, 2, 1, 1, 1, 0, 1, 0]
[1, 2, 0, 2, 1, 0, 0, 5, 0, 0, 1, 3, 3, 2, 1]
[1, 1, 0, 0, 0, 0, 1, 0, 1, 0, 0, 0, 2, 2, 0]
Max coupon score: 12.
Coupons:
[Coupon value: 12. Coupon coordinates: x = 8, y = 13]


Process finished with exit code 0
